15903544160717261009 50
15533468984793020049 50
17902907331132202998 50
4604173119409817302 50
13519445614718437933 50
2598465433001774398 50
10075870402459732738 50
4295449061847708198 50
16121633832852116614 50
12027892938363296829 50
4971817041565280127 50
2752216004511723012 50
2555987917096562599 50
9105380625923157726 50
2415873247906962761 50
9334364225104959137 50
3657581213864582252 50
6722602826685649765 50
17993467596234560701 50
4380865029019172232 50
16042842363202855955 50
16534202648288984983 50
6799055159715949496 50
15832924468527961 50
990914685337955114 50
8659567063494726263 50
3591015878717398163 50
8494653877777333091 50
18025338595059503802 50
3872781118550194423 50
15803855782190483017 50
11454085070345530663 50
1994338527906508494 50
3418007171190630157 50
17216329305659006368 50
10964956617027590844 50
13731697468004921673 50
3247914894323111613 50
17160696560226550358 50
6740694556948402155 50
12304907743194762419 50
9568394837328971633 50
18096167044602516316 50
11846396154240966170 50
3441838785578020259 50
3154510051521049916 50
15717839202171538526 50
7670103006580549715 50
1357883579772440606 50
14705303724557273004 50
3031519073799366723 50
16202688197024602345 50
616184888931414205 50
14791260641858988448 50
12879640240483815315 100
5083516879091912247 100
6234738900256277070 100
4808842546020773462 100
10444454289801298640 100
634378055350569306 100
15903184480576180688 100
912496333665446669 100
7038362761309539946 100
4723255145958809564 100
7313718849795510302 100
2151482270865536784 100
2581599794006798586 100
15696964848687303249 100
4414235478445376689 100
5592790652933523081 100
8965112222692085704 100
4898453812993984151 100
15795616688853411272 100
14193044537086402364 100
16911037681440249335 100
1442753028323350651 100
5526948896847934178 100
16801666784196221098 100
2895681525868621979 100
1416654423768444853 100
80599353855279550 100
1730266523558914470 100
7447927974619745860 100
6104545334635651714 100
4323857429732097807 100
6350707596465488265 100
15270638100874320175 100
2101027554826767753 100
1305342127382455702 100
11718898130355901268 100
13238419657658219864 100
11219370372259322863 100
183829460855609442 100
4960194482476803293 100
6904827860701329567 100
8745106945249251942 100
8938046348067069210 100
4575961016807404107 100
4337887720320812223 100
1265122081809781363 100
3390120876390766963 100
6207195415812436731 100
10786629299947667143 100
2265177645248606981 100
10485926982439064520 100
2064489349728221803 100
16262849101474060261 100
384975055665199088 100
9311322119128915594 150
13145971249179441231 150
4733704239941053266 150
857746300435138193 150
10676267326664322837 150
5072733804607719382 150
15349503153813328111 150
10588771936253546636 150
16873108320324977627 150
14073578965827700743 150
10517728057304349900 150
5446766520699850364 150
1921439581405198744 150
6390847454531723238 150
15844593126368860820 150
17564868480517233150 150
11199484219241918646 150
2259324582958830057 150
13823509240483976870 150
1005081002024129653 150
1231623110026745648 150
2899357195020129288 150
11940460932056521663 150
15342828002152531464 150
4784689467343773295 150
15578655130939579324 150
5215905243049326497 150
5328596138024684667 150
16034875274658204340 150
16735938448970076374 150
2508530288521370100 150
9529958888589376527 150
16191439239940794174 150
8345535260120974350 150
16561295363965082313 150
13182548552824592684 150
14479353969865741728 150
2711351338963414257 150
4058410353286511411 150
1758724094753801109 150
5200186706748209867 150
15550613280008674010 150
10235335145367115211 150
10664823084372323928 150
13181198025433053194 150
473735159277431842 150
3461228720457810721 150
11918003324473417938 150
16093022852977039323 150
9653249092275997647 150
9015546800913584551 150
5871373218498789285 150
16087604685956889409 150
3194871563717679715 150
4487677815262010875 200
3584210979358667442 200
5846229052615948000 200
15265053588821562107 200
5076950993715916459 200
12511696717465549299 200
1926967104529174124 200
11799592541704458019 200
4546515828974914709 200
10734565072045778791 200
7331965392247645851 200
18233614482685846350 200
15266427834976906738 200
9385013624094020582 200
3195159706851203049 200
15644354861949427452 200
5268267801500934740 200
17674974223808194792 200
3060057659029579482 200
5495302100265783181 200
3461811179177118163 200
12566399510596872945 200
2570264768774616538 200
2656110181316327570 200
4781039348168995891 200
3002379261592154728 200
6742105013468660925 200
4702302448560822815 200
2684088316387726629 200
16608525782988721413 200
13679757109245957439 200
7000927478052605119 200
8822503619482926605 200
1191788760630624072 200
16372013171456210875 200
14424804287031718399 200
12337317986514501583 200
7768517933263896280 200
14143054494855609923 200
14763701469114129880 200
3132641021038352938 200
10793018113277660068 200
4457475194088194008 200
2206505463279484253 200
5602237689147924753 200
759208896257112298 200
17958696356648515477 200
17642771458376274038 200
1146261869236413282 200
7290499689576448085 200
14004546003548947884 200
11070802577416161387 200
10770759614217273359 200
6559997992780479765 200
200287570390499785 300
2618605158242502527 300
6193696614129429757 300
10072140764565668044 300
16485056021060230344 300
16331619444570993520 300
17552108427312284959 300
3635081602482786801 300
8222208340265444449 300
11060291335850384275 300
1022527355599519580 300
11318901554551149504 300
8722413665055769182 300
6038200663843287458 300
12848519977617081063 300
7727809428114700355 300
10455472356147194054 300
14869732972903148657 300
12844373518178303651 300
12012663867578114640 300
2224716024428969146 300
15787777881771177481 300
5707035891877485758 300
12681651284932598380 300
8763126149209091146 300
6172160122069514875 300
14133920963894906769 300
6814918034011049245 300
786582060300383668 300
1352150727715827110 300
7996500550445322129 300
1907783283319966632 300
5861181219697109969 300
16388696051060074747 300
11119453952284076633 300
4292360793125812833 300
1972128316147758939 300
3911646355261329044 300
15458436361042752328 300
33101359476901423 300
2547899409721197155 300
10327752107000040525 300
15166409572599113654 300
10094743350625019937 300
16336545122307923741 300
10963653239323173269 300
11839652018869852123 300
9547911055204230158 300
3504776317009340435 300
14233522945839943589 300
14824622621331930560 300
7950869827763684964 300
6638427309837298695 300
10625026498155904401 300
